1
10.7821
10.7821
0
10.7821
0
10.7821
0
10.7821
0
10.7821
0
10.7821
0
10.7821
0
10.7821
0
10.7821
0
10.7821
0
10.7821
0
10.7821
0
10.7821
0
1
8.0012
1
8.0012
1
8.0012
1
8.0012
1
8.0012
8.0012
8.0012
1
8.0012
1
8.0012
8.0012
1
8.0012
1
8.0012
8.0012
1
8.0012
8.0012
1
8.0012
8.0012
1
8.0012
8.0012
1
8.0012
1
8.0012
1
8.0012
1
0
1
0
1
0
1
0
1
0
1
0
1
0
1
0
1
0
1
0
1
0
1
0
1
0
1
0
1
0
1
0
1
0
1
0
1
0
1
0
1
0
1
0
1
0
1
0
1
0
1
0
1
0
1
0
1
0
0
1
0
1
0
1
0
1
0
1
0
1
0
0
1
0
1
0
1
0
1
0
1
0
1
0
1
0
1
0
1
0
0
1
0
1
0
1
0
1
0
1
0
0
1
0
1
0
1
0
0
1
0
1
0
1
0
1
0
1
0
1
0
1
0
0
1
0
1
0
1
0
1
0
0
1
0
1
0
1
0
0
1
0
1
0
1
0
0
1
0
1
0
1
0
0
1
0
1
0
1
0
1
0
0
1
0
1
0
1
0
1
0
1
0
0
1